{
 "cells": [
  {
   "cell_type": "code",
   "execution_count": 114,
   "metadata": {},
   "outputs": [],
   "source": [
    "import pandas as pd  \n",
    "import numpy as np  \n",
    "import matplotlib.pyplot as plt  \n",
    "import seaborn as seabornInstance \n",
    "from sklearn.model_selection import train_test_split \n",
    "from sklearn.linear_model import LinearRegression\n",
    "from sklearn import metrics\n",
    "%matplotlib inline\n"
   ]
  },
  {
   "cell_type": "code",
   "execution_count": 115,
   "metadata": {},
   "outputs": [],
   "source": [
    "os.chdir(os.getcwd())"
   ]
  },
  {
   "cell_type": "code",
   "execution_count": 116,
   "metadata": {},
   "outputs": [],
   "source": [
    "bikeshare = pd.read_csv('/Users/mariamatsira/Downloads/Bike-Sharing-Dataset/hour.csv')"
   ]
  },
  {
   "cell_type": "code",
   "execution_count": 117,
   "metadata": {},
   "outputs": [
    {
     "name": "stdout",
     "output_type": "stream",
     "text": [
      "Index(['instant', 'dteday', 'season', 'yr', 'mnth', 'hr', 'holiday', 'weekday',\n",
      "       'workingday', 'weathersit', 'temp', 'atemp', 'hum', 'windspeed',\n",
      "       'casual', 'registered', 'cnt'],\n",
      "      dtype='object')\n"
     ]
    }
   ],
   "source": [
    "print(bikeshare.columns)"
   ]
  },
  {
   "cell_type": "code",
   "execution_count": 118,
   "metadata": {},
   "outputs": [
    {
     "data": {
      "text/html": [
       "<div>\n",
       "<style scoped>\n",
       "    .dataframe tbody tr th:only-of-type {\n",
       "        vertical-align: middle;\n",
       "    }\n",
       "\n",
       "    .dataframe tbody tr th {\n",
       "        vertical-align: top;\n",
       "    }\n",
       "\n",
       "    .dataframe thead th {\n",
       "        text-align: right;\n",
       "    }\n",
       "</style>\n",
       "<table border=\"1\" class=\"dataframe\">\n",
       "  <thead>\n",
       "    <tr style=\"text-align: right;\">\n",
       "      <th></th>\n",
       "      <th>instant</th>\n",
       "      <th>dteday</th>\n",
       "      <th>season</th>\n",
       "      <th>yr</th>\n",
       "      <th>mnth</th>\n",
       "      <th>hr</th>\n",
       "      <th>holiday</th>\n",
       "      <th>weekday</th>\n",
       "      <th>workingday</th>\n",
       "      <th>weathersit</th>\n",
       "      <th>temp</th>\n",
       "      <th>atemp</th>\n",
       "      <th>hum</th>\n",
       "      <th>windspeed</th>\n",
       "      <th>casual</th>\n",
       "      <th>registered</th>\n",
       "      <th>cnt</th>\n",
       "    </tr>\n",
       "  </thead>\n",
       "  <tbody>\n",
       "    <tr>\n",
       "      <th>0</th>\n",
       "      <td>1</td>\n",
       "      <td>2011-01-01</td>\n",
       "      <td>1</td>\n",
       "      <td>0</td>\n",
       "      <td>1</td>\n",
       "      <td>0</td>\n",
       "      <td>0</td>\n",
       "      <td>6</td>\n",
       "      <td>0</td>\n",
       "      <td>1</td>\n",
       "      <td>0.24</td>\n",
       "      <td>0.2879</td>\n",
       "      <td>0.81</td>\n",
       "      <td>0.0</td>\n",
       "      <td>3</td>\n",
       "      <td>13</td>\n",
       "      <td>16</td>\n",
       "    </tr>\n",
       "    <tr>\n",
       "      <th>1</th>\n",
       "      <td>2</td>\n",
       "      <td>2011-01-01</td>\n",
       "      <td>1</td>\n",
       "      <td>0</td>\n",
       "      <td>1</td>\n",
       "      <td>1</td>\n",
       "      <td>0</td>\n",
       "      <td>6</td>\n",
       "      <td>0</td>\n",
       "      <td>1</td>\n",
       "      <td>0.22</td>\n",
       "      <td>0.2727</td>\n",
       "      <td>0.80</td>\n",
       "      <td>0.0</td>\n",
       "      <td>8</td>\n",
       "      <td>32</td>\n",
       "      <td>40</td>\n",
       "    </tr>\n",
       "    <tr>\n",
       "      <th>2</th>\n",
       "      <td>3</td>\n",
       "      <td>2011-01-01</td>\n",
       "      <td>1</td>\n",
       "      <td>0</td>\n",
       "      <td>1</td>\n",
       "      <td>2</td>\n",
       "      <td>0</td>\n",
       "      <td>6</td>\n",
       "      <td>0</td>\n",
       "      <td>1</td>\n",
       "      <td>0.22</td>\n",
       "      <td>0.2727</td>\n",
       "      <td>0.80</td>\n",
       "      <td>0.0</td>\n",
       "      <td>5</td>\n",
       "      <td>27</td>\n",
       "      <td>32</td>\n",
       "    </tr>\n",
       "    <tr>\n",
       "      <th>3</th>\n",
       "      <td>4</td>\n",
       "      <td>2011-01-01</td>\n",
       "      <td>1</td>\n",
       "      <td>0</td>\n",
       "      <td>1</td>\n",
       "      <td>3</td>\n",
       "      <td>0</td>\n",
       "      <td>6</td>\n",
       "      <td>0</td>\n",
       "      <td>1</td>\n",
       "      <td>0.24</td>\n",
       "      <td>0.2879</td>\n",
       "      <td>0.75</td>\n",
       "      <td>0.0</td>\n",
       "      <td>3</td>\n",
       "      <td>10</td>\n",
       "      <td>13</td>\n",
       "    </tr>\n",
       "    <tr>\n",
       "      <th>4</th>\n",
       "      <td>5</td>\n",
       "      <td>2011-01-01</td>\n",
       "      <td>1</td>\n",
       "      <td>0</td>\n",
       "      <td>1</td>\n",
       "      <td>4</td>\n",
       "      <td>0</td>\n",
       "      <td>6</td>\n",
       "      <td>0</td>\n",
       "      <td>1</td>\n",
       "      <td>0.24</td>\n",
       "      <td>0.2879</td>\n",
       "      <td>0.75</td>\n",
       "      <td>0.0</td>\n",
       "      <td>0</td>\n",
       "      <td>1</td>\n",
       "      <td>1</td>\n",
       "    </tr>\n",
       "  </tbody>\n",
       "</table>\n",
       "</div>"
      ],
      "text/plain": [
       "   instant      dteday  season  yr  mnth  hr  holiday  weekday  workingday  \\\n",
       "0        1  2011-01-01       1   0     1   0        0        6           0   \n",
       "1        2  2011-01-01       1   0     1   1        0        6           0   \n",
       "2        3  2011-01-01       1   0     1   2        0        6           0   \n",
       "3        4  2011-01-01       1   0     1   3        0        6           0   \n",
       "4        5  2011-01-01       1   0     1   4        0        6           0   \n",
       "\n",
       "   weathersit  temp   atemp   hum  windspeed  casual  registered  cnt  \n",
       "0           1  0.24  0.2879  0.81        0.0       3          13   16  \n",
       "1           1  0.22  0.2727  0.80        0.0       8          32   40  \n",
       "2           1  0.22  0.2727  0.80        0.0       5          27   32  \n",
       "3           1  0.24  0.2879  0.75        0.0       3          10   13  \n",
       "4           1  0.24  0.2879  0.75        0.0       0           1    1  "
      ]
     },
     "execution_count": 118,
     "metadata": {},
     "output_type": "execute_result"
    }
   ],
   "source": [
    "bikeshare.head()"
   ]
  },
  {
   "cell_type": "code",
   "execution_count": 93,
   "metadata": {},
   "outputs": [
    {
     "data": {
      "text/plain": [
       "(17379, 17)"
      ]
     },
     "execution_count": 93,
     "metadata": {},
     "output_type": "execute_result"
    }
   ],
   "source": [
    "bikeshare.shape"
   ]
  },
  {
   "cell_type": "code",
   "execution_count": 94,
   "metadata": {},
   "outputs": [
    {
     "data": {
      "text/html": [
       "<div>\n",
       "<style scoped>\n",
       "    .dataframe tbody tr th:only-of-type {\n",
       "        vertical-align: middle;\n",
       "    }\n",
       "\n",
       "    .dataframe tbody tr th {\n",
       "        vertical-align: top;\n",
       "    }\n",
       "\n",
       "    .dataframe thead th {\n",
       "        text-align: right;\n",
       "    }\n",
       "</style>\n",
       "<table border=\"1\" class=\"dataframe\">\n",
       "  <thead>\n",
       "    <tr style=\"text-align: right;\">\n",
       "      <th></th>\n",
       "      <th>instant</th>\n",
       "      <th>season</th>\n",
       "      <th>yr</th>\n",
       "      <th>mnth</th>\n",
       "      <th>hr</th>\n",
       "      <th>holiday</th>\n",
       "      <th>weekday</th>\n",
       "      <th>workingday</th>\n",
       "      <th>weathersit</th>\n",
       "      <th>temp</th>\n",
       "      <th>atemp</th>\n",
       "      <th>hum</th>\n",
       "      <th>windspeed</th>\n",
       "      <th>casual</th>\n",
       "      <th>registered</th>\n",
       "      <th>cnt</th>\n",
       "    </tr>\n",
       "  </thead>\n",
       "  <tbody>\n",
       "    <tr>\n",
       "      <th>count</th>\n",
       "      <td>17379.0000</td>\n",
       "      <td>17379.000000</td>\n",
       "      <td>17379.000000</td>\n",
       "      <td>17379.000000</td>\n",
       "      <td>17379.000000</td>\n",
       "      <td>17379.000000</td>\n",
       "      <td>17379.000000</td>\n",
       "      <td>17379.000000</td>\n",
       "      <td>17379.000000</td>\n",
       "      <td>17379.000000</td>\n",
       "      <td>17379.000000</td>\n",
       "      <td>17379.000000</td>\n",
       "      <td>17379.000000</td>\n",
       "      <td>17379.000000</td>\n",
       "      <td>17379.000000</td>\n",
       "      <td>17379.000000</td>\n",
       "    </tr>\n",
       "    <tr>\n",
       "      <th>mean</th>\n",
       "      <td>8690.0000</td>\n",
       "      <td>2.501640</td>\n",
       "      <td>0.502561</td>\n",
       "      <td>6.537775</td>\n",
       "      <td>11.546752</td>\n",
       "      <td>0.028770</td>\n",
       "      <td>3.003683</td>\n",
       "      <td>0.682721</td>\n",
       "      <td>1.425283</td>\n",
       "      <td>0.496987</td>\n",
       "      <td>0.475775</td>\n",
       "      <td>0.627229</td>\n",
       "      <td>0.190098</td>\n",
       "      <td>35.676218</td>\n",
       "      <td>153.786869</td>\n",
       "      <td>189.463088</td>\n",
       "    </tr>\n",
       "    <tr>\n",
       "      <th>std</th>\n",
       "      <td>5017.0295</td>\n",
       "      <td>1.106918</td>\n",
       "      <td>0.500008</td>\n",
       "      <td>3.438776</td>\n",
       "      <td>6.914405</td>\n",
       "      <td>0.167165</td>\n",
       "      <td>2.005771</td>\n",
       "      <td>0.465431</td>\n",
       "      <td>0.639357</td>\n",
       "      <td>0.192556</td>\n",
       "      <td>0.171850</td>\n",
       "      <td>0.192930</td>\n",
       "      <td>0.122340</td>\n",
       "      <td>49.305030</td>\n",
       "      <td>151.357286</td>\n",
       "      <td>181.387599</td>\n",
       "    </tr>\n",
       "    <tr>\n",
       "      <th>min</th>\n",
       "      <td>1.0000</td>\n",
       "      <td>1.000000</td>\n",
       "      <td>0.000000</td>\n",
       "      <td>1.000000</td>\n",
       "      <td>0.000000</td>\n",
       "      <td>0.000000</td>\n",
       "      <td>0.000000</td>\n",
       "      <td>0.000000</td>\n",
       "      <td>1.000000</td>\n",
       "      <td>0.020000</td>\n",
       "      <td>0.000000</td>\n",
       "      <td>0.000000</td>\n",
       "      <td>0.000000</td>\n",
       "      <td>0.000000</td>\n",
       "      <td>0.000000</td>\n",
       "      <td>1.000000</td>\n",
       "    </tr>\n",
       "    <tr>\n",
       "      <th>25%</th>\n",
       "      <td>4345.5000</td>\n",
       "      <td>2.000000</td>\n",
       "      <td>0.000000</td>\n",
       "      <td>4.000000</td>\n",
       "      <td>6.000000</td>\n",
       "      <td>0.000000</td>\n",
       "      <td>1.000000</td>\n",
       "      <td>0.000000</td>\n",
       "      <td>1.000000</td>\n",
       "      <td>0.340000</td>\n",
       "      <td>0.333300</td>\n",
       "      <td>0.480000</td>\n",
       "      <td>0.104500</td>\n",
       "      <td>4.000000</td>\n",
       "      <td>34.000000</td>\n",
       "      <td>40.000000</td>\n",
       "    </tr>\n",
       "    <tr>\n",
       "      <th>50%</th>\n",
       "      <td>8690.0000</td>\n",
       "      <td>3.000000</td>\n",
       "      <td>1.000000</td>\n",
       "      <td>7.000000</td>\n",
       "      <td>12.000000</td>\n",
       "      <td>0.000000</td>\n",
       "      <td>3.000000</td>\n",
       "      <td>1.000000</td>\n",
       "      <td>1.000000</td>\n",
       "      <td>0.500000</td>\n",
       "      <td>0.484800</td>\n",
       "      <td>0.630000</td>\n",
       "      <td>0.194000</td>\n",
       "      <td>17.000000</td>\n",
       "      <td>115.000000</td>\n",
       "      <td>142.000000</td>\n",
       "    </tr>\n",
       "    <tr>\n",
       "      <th>75%</th>\n",
       "      <td>13034.5000</td>\n",
       "      <td>3.000000</td>\n",
       "      <td>1.000000</td>\n",
       "      <td>10.000000</td>\n",
       "      <td>18.000000</td>\n",
       "      <td>0.000000</td>\n",
       "      <td>5.000000</td>\n",
       "      <td>1.000000</td>\n",
       "      <td>2.000000</td>\n",
       "      <td>0.660000</td>\n",
       "      <td>0.621200</td>\n",
       "      <td>0.780000</td>\n",
       "      <td>0.253700</td>\n",
       "      <td>48.000000</td>\n",
       "      <td>220.000000</td>\n",
       "      <td>281.000000</td>\n",
       "    </tr>\n",
       "    <tr>\n",
       "      <th>max</th>\n",
       "      <td>17379.0000</td>\n",
       "      <td>4.000000</td>\n",
       "      <td>1.000000</td>\n",
       "      <td>12.000000</td>\n",
       "      <td>23.000000</td>\n",
       "      <td>1.000000</td>\n",
       "      <td>6.000000</td>\n",
       "      <td>1.000000</td>\n",
       "      <td>4.000000</td>\n",
       "      <td>1.000000</td>\n",
       "      <td>1.000000</td>\n",
       "      <td>1.000000</td>\n",
       "      <td>0.850700</td>\n",
       "      <td>367.000000</td>\n",
       "      <td>886.000000</td>\n",
       "      <td>977.000000</td>\n",
       "    </tr>\n",
       "  </tbody>\n",
       "</table>\n",
       "</div>"
      ],
      "text/plain": [
       "          instant        season            yr          mnth            hr  \\\n",
       "count  17379.0000  17379.000000  17379.000000  17379.000000  17379.000000   \n",
       "mean    8690.0000      2.501640      0.502561      6.537775     11.546752   \n",
       "std     5017.0295      1.106918      0.500008      3.438776      6.914405   \n",
       "min        1.0000      1.000000      0.000000      1.000000      0.000000   \n",
       "25%     4345.5000      2.000000      0.000000      4.000000      6.000000   \n",
       "50%     8690.0000      3.000000      1.000000      7.000000     12.000000   \n",
       "75%    13034.5000      3.000000      1.000000     10.000000     18.000000   \n",
       "max    17379.0000      4.000000      1.000000     12.000000     23.000000   \n",
       "\n",
       "            holiday       weekday    workingday    weathersit          temp  \\\n",
       "count  17379.000000  17379.000000  17379.000000  17379.000000  17379.000000   \n",
       "mean       0.028770      3.003683      0.682721      1.425283      0.496987   \n",
       "std        0.167165      2.005771      0.465431      0.639357      0.192556   \n",
       "min        0.000000      0.000000      0.000000      1.000000      0.020000   \n",
       "25%        0.000000      1.000000      0.000000      1.000000      0.340000   \n",
       "50%        0.000000      3.000000      1.000000      1.000000      0.500000   \n",
       "75%        0.000000      5.000000      1.000000      2.000000      0.660000   \n",
       "max        1.000000      6.000000      1.000000      4.000000      1.000000   \n",
       "\n",
       "              atemp           hum     windspeed        casual    registered  \\\n",
       "count  17379.000000  17379.000000  17379.000000  17379.000000  17379.000000   \n",
       "mean       0.475775      0.627229      0.190098     35.676218    153.786869   \n",
       "std        0.171850      0.192930      0.122340     49.305030    151.357286   \n",
       "min        0.000000      0.000000      0.000000      0.000000      0.000000   \n",
       "25%        0.333300      0.480000      0.104500      4.000000     34.000000   \n",
       "50%        0.484800      0.630000      0.194000     17.000000    115.000000   \n",
       "75%        0.621200      0.780000      0.253700     48.000000    220.000000   \n",
       "max        1.000000      1.000000      0.850700    367.000000    886.000000   \n",
       "\n",
       "                cnt  \n",
       "count  17379.000000  \n",
       "mean     189.463088  \n",
       "std      181.387599  \n",
       "min        1.000000  \n",
       "25%       40.000000  \n",
       "50%      142.000000  \n",
       "75%      281.000000  \n",
       "max      977.000000  "
      ]
     },
     "execution_count": 94,
     "metadata": {},
     "output_type": "execute_result"
    }
   ],
   "source": [
    "bikeshare.describe()"
   ]
  },
  {
   "cell_type": "code",
   "execution_count": 95,
   "metadata": {},
   "outputs": [
    {
     "data": {
      "text/html": [
       "<div>\n",
       "<style scoped>\n",
       "    .dataframe tbody tr th:only-of-type {\n",
       "        vertical-align: middle;\n",
       "    }\n",
       "\n",
       "    .dataframe tbody tr th {\n",
       "        vertical-align: top;\n",
       "    }\n",
       "\n",
       "    .dataframe thead th {\n",
       "        text-align: right;\n",
       "    }\n",
       "</style>\n",
       "<table border=\"1\" class=\"dataframe\">\n",
       "  <thead>\n",
       "    <tr style=\"text-align: right;\">\n",
       "      <th></th>\n",
       "      <th>instant</th>\n",
       "      <th>season</th>\n",
       "      <th>yr</th>\n",
       "      <th>mnth</th>\n",
       "      <th>hr</th>\n",
       "      <th>holiday</th>\n",
       "      <th>weekday</th>\n",
       "      <th>workingday</th>\n",
       "      <th>weathersit</th>\n",
       "      <th>temp</th>\n",
       "      <th>atemp</th>\n",
       "      <th>hum</th>\n",
       "      <th>windspeed</th>\n",
       "      <th>casual</th>\n",
       "      <th>registered</th>\n",
       "      <th>cnt</th>\n",
       "    </tr>\n",
       "  </thead>\n",
       "  <tbody>\n",
       "    <tr>\n",
       "      <th>instant</th>\n",
       "      <td>1.000000</td>\n",
       "      <td>0.404046</td>\n",
       "      <td>0.866014</td>\n",
       "      <td>0.489164</td>\n",
       "      <td>-0.004775</td>\n",
       "      <td>0.014723</td>\n",
       "      <td>0.001357</td>\n",
       "      <td>-0.003416</td>\n",
       "      <td>-0.014198</td>\n",
       "      <td>0.136178</td>\n",
       "      <td>0.137615</td>\n",
       "      <td>0.009577</td>\n",
       "      <td>-0.074505</td>\n",
       "      <td>0.158295</td>\n",
       "      <td>0.282046</td>\n",
       "      <td>0.278379</td>\n",
       "    </tr>\n",
       "    <tr>\n",
       "      <th>season</th>\n",
       "      <td>0.404046</td>\n",
       "      <td>1.000000</td>\n",
       "      <td>-0.010742</td>\n",
       "      <td>0.830386</td>\n",
       "      <td>-0.006117</td>\n",
       "      <td>-0.009585</td>\n",
       "      <td>-0.002335</td>\n",
       "      <td>0.013743</td>\n",
       "      <td>-0.014524</td>\n",
       "      <td>0.312025</td>\n",
       "      <td>0.319380</td>\n",
       "      <td>0.150625</td>\n",
       "      <td>-0.149773</td>\n",
       "      <td>0.120206</td>\n",
       "      <td>0.174226</td>\n",
       "      <td>0.178056</td>\n",
       "    </tr>\n",
       "    <tr>\n",
       "      <th>yr</th>\n",
       "      <td>0.866014</td>\n",
       "      <td>-0.010742</td>\n",
       "      <td>1.000000</td>\n",
       "      <td>-0.010473</td>\n",
       "      <td>-0.003867</td>\n",
       "      <td>0.006692</td>\n",
       "      <td>-0.004485</td>\n",
       "      <td>-0.002196</td>\n",
       "      <td>-0.019157</td>\n",
       "      <td>0.040913</td>\n",
       "      <td>0.039222</td>\n",
       "      <td>-0.083546</td>\n",
       "      <td>-0.008740</td>\n",
       "      <td>0.142779</td>\n",
       "      <td>0.253684</td>\n",
       "      <td>0.250495</td>\n",
       "    </tr>\n",
       "    <tr>\n",
       "      <th>mnth</th>\n",
       "      <td>0.489164</td>\n",
       "      <td>0.830386</td>\n",
       "      <td>-0.010473</td>\n",
       "      <td>1.000000</td>\n",
       "      <td>-0.005772</td>\n",
       "      <td>0.018430</td>\n",
       "      <td>0.010400</td>\n",
       "      <td>-0.003477</td>\n",
       "      <td>0.005400</td>\n",
       "      <td>0.201691</td>\n",
       "      <td>0.208096</td>\n",
       "      <td>0.164411</td>\n",
       "      <td>-0.135386</td>\n",
       "      <td>0.068457</td>\n",
       "      <td>0.122273</td>\n",
       "      <td>0.120638</td>\n",
       "    </tr>\n",
       "    <tr>\n",
       "      <th>hr</th>\n",
       "      <td>-0.004775</td>\n",
       "      <td>-0.006117</td>\n",
       "      <td>-0.003867</td>\n",
       "      <td>-0.005772</td>\n",
       "      <td>1.000000</td>\n",
       "      <td>0.000479</td>\n",
       "      <td>-0.003498</td>\n",
       "      <td>0.002285</td>\n",
       "      <td>-0.020203</td>\n",
       "      <td>0.137603</td>\n",
       "      <td>0.133750</td>\n",
       "      <td>-0.276498</td>\n",
       "      <td>0.137252</td>\n",
       "      <td>0.301202</td>\n",
       "      <td>0.374141</td>\n",
       "      <td>0.394071</td>\n",
       "    </tr>\n",
       "    <tr>\n",
       "      <th>holiday</th>\n",
       "      <td>0.014723</td>\n",
       "      <td>-0.009585</td>\n",
       "      <td>0.006692</td>\n",
       "      <td>0.018430</td>\n",
       "      <td>0.000479</td>\n",
       "      <td>1.000000</td>\n",
       "      <td>-0.102088</td>\n",
       "      <td>-0.252471</td>\n",
       "      <td>-0.017036</td>\n",
       "      <td>-0.027340</td>\n",
       "      <td>-0.030973</td>\n",
       "      <td>-0.010588</td>\n",
       "      <td>0.003988</td>\n",
       "      <td>0.031564</td>\n",
       "      <td>-0.047345</td>\n",
       "      <td>-0.030927</td>\n",
       "    </tr>\n",
       "    <tr>\n",
       "      <th>weekday</th>\n",
       "      <td>0.001357</td>\n",
       "      <td>-0.002335</td>\n",
       "      <td>-0.004485</td>\n",
       "      <td>0.010400</td>\n",
       "      <td>-0.003498</td>\n",
       "      <td>-0.102088</td>\n",
       "      <td>1.000000</td>\n",
       "      <td>0.035955</td>\n",
       "      <td>0.003311</td>\n",
       "      <td>-0.001795</td>\n",
       "      <td>-0.008821</td>\n",
       "      <td>-0.037158</td>\n",
       "      <td>0.011502</td>\n",
       "      <td>0.032721</td>\n",
       "      <td>0.021578</td>\n",
       "      <td>0.026900</td>\n",
       "    </tr>\n",
       "    <tr>\n",
       "      <th>workingday</th>\n",
       "      <td>-0.003416</td>\n",
       "      <td>0.013743</td>\n",
       "      <td>-0.002196</td>\n",
       "      <td>-0.003477</td>\n",
       "      <td>0.002285</td>\n",
       "      <td>-0.252471</td>\n",
       "      <td>0.035955</td>\n",
       "      <td>1.000000</td>\n",
       "      <td>0.044672</td>\n",
       "      <td>0.055390</td>\n",
       "      <td>0.054667</td>\n",
       "      <td>0.015688</td>\n",
       "      <td>-0.011830</td>\n",
       "      <td>-0.300942</td>\n",
       "      <td>0.134326</td>\n",
       "      <td>0.030284</td>\n",
       "    </tr>\n",
       "    <tr>\n",
       "      <th>weathersit</th>\n",
       "      <td>-0.014198</td>\n",
       "      <td>-0.014524</td>\n",
       "      <td>-0.019157</td>\n",
       "      <td>0.005400</td>\n",
       "      <td>-0.020203</td>\n",
       "      <td>-0.017036</td>\n",
       "      <td>0.003311</td>\n",
       "      <td>0.044672</td>\n",
       "      <td>1.000000</td>\n",
       "      <td>-0.102640</td>\n",
       "      <td>-0.105563</td>\n",
       "      <td>0.418130</td>\n",
       "      <td>0.026226</td>\n",
       "      <td>-0.152628</td>\n",
       "      <td>-0.120966</td>\n",
       "      <td>-0.142426</td>\n",
       "    </tr>\n",
       "    <tr>\n",
       "      <th>temp</th>\n",
       "      <td>0.136178</td>\n",
       "      <td>0.312025</td>\n",
       "      <td>0.040913</td>\n",
       "      <td>0.201691</td>\n",
       "      <td>0.137603</td>\n",
       "      <td>-0.027340</td>\n",
       "      <td>-0.001795</td>\n",
       "      <td>0.055390</td>\n",
       "      <td>-0.102640</td>\n",
       "      <td>1.000000</td>\n",
       "      <td>0.987672</td>\n",
       "      <td>-0.069881</td>\n",
       "      <td>-0.023125</td>\n",
       "      <td>0.459616</td>\n",
       "      <td>0.335361</td>\n",
       "      <td>0.404772</td>\n",
       "    </tr>\n",
       "    <tr>\n",
       "      <th>atemp</th>\n",
       "      <td>0.137615</td>\n",
       "      <td>0.319380</td>\n",
       "      <td>0.039222</td>\n",
       "      <td>0.208096</td>\n",
       "      <td>0.133750</td>\n",
       "      <td>-0.030973</td>\n",
       "      <td>-0.008821</td>\n",
       "      <td>0.054667</td>\n",
       "      <td>-0.105563</td>\n",
       "      <td>0.987672</td>\n",
       "      <td>1.000000</td>\n",
       "      <td>-0.051918</td>\n",
       "      <td>-0.062336</td>\n",
       "      <td>0.454080</td>\n",
       "      <td>0.332559</td>\n",
       "      <td>0.400929</td>\n",
       "    </tr>\n",
       "    <tr>\n",
       "      <th>hum</th>\n",
       "      <td>0.009577</td>\n",
       "      <td>0.150625</td>\n",
       "      <td>-0.083546</td>\n",
       "      <td>0.164411</td>\n",
       "      <td>-0.276498</td>\n",
       "      <td>-0.010588</td>\n",
       "      <td>-0.037158</td>\n",
       "      <td>0.015688</td>\n",
       "      <td>0.418130</td>\n",
       "      <td>-0.069881</td>\n",
       "      <td>-0.051918</td>\n",
       "      <td>1.000000</td>\n",
       "      <td>-0.290105</td>\n",
       "      <td>-0.347028</td>\n",
       "      <td>-0.273933</td>\n",
       "      <td>-0.322911</td>\n",
       "    </tr>\n",
       "    <tr>\n",
       "      <th>windspeed</th>\n",
       "      <td>-0.074505</td>\n",
       "      <td>-0.149773</td>\n",
       "      <td>-0.008740</td>\n",
       "      <td>-0.135386</td>\n",
       "      <td>0.137252</td>\n",
       "      <td>0.003988</td>\n",
       "      <td>0.011502</td>\n",
       "      <td>-0.011830</td>\n",
       "      <td>0.026226</td>\n",
       "      <td>-0.023125</td>\n",
       "      <td>-0.062336</td>\n",
       "      <td>-0.290105</td>\n",
       "      <td>1.000000</td>\n",
       "      <td>0.090287</td>\n",
       "      <td>0.082321</td>\n",
       "      <td>0.093234</td>\n",
       "    </tr>\n",
       "    <tr>\n",
       "      <th>casual</th>\n",
       "      <td>0.158295</td>\n",
       "      <td>0.120206</td>\n",
       "      <td>0.142779</td>\n",
       "      <td>0.068457</td>\n",
       "      <td>0.301202</td>\n",
       "      <td>0.031564</td>\n",
       "      <td>0.032721</td>\n",
       "      <td>-0.300942</td>\n",
       "      <td>-0.152628</td>\n",
       "      <td>0.459616</td>\n",
       "      <td>0.454080</td>\n",
       "      <td>-0.347028</td>\n",
       "      <td>0.090287</td>\n",
       "      <td>1.000000</td>\n",
       "      <td>0.506618</td>\n",
       "      <td>0.694564</td>\n",
       "    </tr>\n",
       "    <tr>\n",
       "      <th>registered</th>\n",
       "      <td>0.282046</td>\n",
       "      <td>0.174226</td>\n",
       "      <td>0.253684</td>\n",
       "      <td>0.122273</td>\n",
       "      <td>0.374141</td>\n",
       "      <td>-0.047345</td>\n",
       "      <td>0.021578</td>\n",
       "      <td>0.134326</td>\n",
       "      <td>-0.120966</td>\n",
       "      <td>0.335361</td>\n",
       "      <td>0.332559</td>\n",
       "      <td>-0.273933</td>\n",
       "      <td>0.082321</td>\n",
       "      <td>0.506618</td>\n",
       "      <td>1.000000</td>\n",
       "      <td>0.972151</td>\n",
       "    </tr>\n",
       "    <tr>\n",
       "      <th>cnt</th>\n",
       "      <td>0.278379</td>\n",
       "      <td>0.178056</td>\n",
       "      <td>0.250495</td>\n",
       "      <td>0.120638</td>\n",
       "      <td>0.394071</td>\n",
       "      <td>-0.030927</td>\n",
       "      <td>0.026900</td>\n",
       "      <td>0.030284</td>\n",
       "      <td>-0.142426</td>\n",
       "      <td>0.404772</td>\n",
       "      <td>0.400929</td>\n",
       "      <td>-0.322911</td>\n",
       "      <td>0.093234</td>\n",
       "      <td>0.694564</td>\n",
       "      <td>0.972151</td>\n",
       "      <td>1.000000</td>\n",
       "    </tr>\n",
       "  </tbody>\n",
       "</table>\n",
       "</div>"
      ],
      "text/plain": [
       "             instant    season        yr      mnth        hr   holiday  \\\n",
       "instant     1.000000  0.404046  0.866014  0.489164 -0.004775  0.014723   \n",
       "season      0.404046  1.000000 -0.010742  0.830386 -0.006117 -0.009585   \n",
       "yr          0.866014 -0.010742  1.000000 -0.010473 -0.003867  0.006692   \n",
       "mnth        0.489164  0.830386 -0.010473  1.000000 -0.005772  0.018430   \n",
       "hr         -0.004775 -0.006117 -0.003867 -0.005772  1.000000  0.000479   \n",
       "holiday     0.014723 -0.009585  0.006692  0.018430  0.000479  1.000000   \n",
       "weekday     0.001357 -0.002335 -0.004485  0.010400 -0.003498 -0.102088   \n",
       "workingday -0.003416  0.013743 -0.002196 -0.003477  0.002285 -0.252471   \n",
       "weathersit -0.014198 -0.014524 -0.019157  0.005400 -0.020203 -0.017036   \n",
       "temp        0.136178  0.312025  0.040913  0.201691  0.137603 -0.027340   \n",
       "atemp       0.137615  0.319380  0.039222  0.208096  0.133750 -0.030973   \n",
       "hum         0.009577  0.150625 -0.083546  0.164411 -0.276498 -0.010588   \n",
       "windspeed  -0.074505 -0.149773 -0.008740 -0.135386  0.137252  0.003988   \n",
       "casual      0.158295  0.120206  0.142779  0.068457  0.301202  0.031564   \n",
       "registered  0.282046  0.174226  0.253684  0.122273  0.374141 -0.047345   \n",
       "cnt         0.278379  0.178056  0.250495  0.120638  0.394071 -0.030927   \n",
       "\n",
       "             weekday  workingday  weathersit      temp     atemp       hum  \\\n",
       "instant     0.001357   -0.003416   -0.014198  0.136178  0.137615  0.009577   \n",
       "season     -0.002335    0.013743   -0.014524  0.312025  0.319380  0.150625   \n",
       "yr         -0.004485   -0.002196   -0.019157  0.040913  0.039222 -0.083546   \n",
       "mnth        0.010400   -0.003477    0.005400  0.201691  0.208096  0.164411   \n",
       "hr         -0.003498    0.002285   -0.020203  0.137603  0.133750 -0.276498   \n",
       "holiday    -0.102088   -0.252471   -0.017036 -0.027340 -0.030973 -0.010588   \n",
       "weekday     1.000000    0.035955    0.003311 -0.001795 -0.008821 -0.037158   \n",
       "workingday  0.035955    1.000000    0.044672  0.055390  0.054667  0.015688   \n",
       "weathersit  0.003311    0.044672    1.000000 -0.102640 -0.105563  0.418130   \n",
       "temp       -0.001795    0.055390   -0.102640  1.000000  0.987672 -0.069881   \n",
       "atemp      -0.008821    0.054667   -0.105563  0.987672  1.000000 -0.051918   \n",
       "hum        -0.037158    0.015688    0.418130 -0.069881 -0.051918  1.000000   \n",
       "windspeed   0.011502   -0.011830    0.026226 -0.023125 -0.062336 -0.290105   \n",
       "casual      0.032721   -0.300942   -0.152628  0.459616  0.454080 -0.347028   \n",
       "registered  0.021578    0.134326   -0.120966  0.335361  0.332559 -0.273933   \n",
       "cnt         0.026900    0.030284   -0.142426  0.404772  0.400929 -0.322911   \n",
       "\n",
       "            windspeed    casual  registered       cnt  \n",
       "instant     -0.074505  0.158295    0.282046  0.278379  \n",
       "season      -0.149773  0.120206    0.174226  0.178056  \n",
       "yr          -0.008740  0.142779    0.253684  0.250495  \n",
       "mnth        -0.135386  0.068457    0.122273  0.120638  \n",
       "hr           0.137252  0.301202    0.374141  0.394071  \n",
       "holiday      0.003988  0.031564   -0.047345 -0.030927  \n",
       "weekday      0.011502  0.032721    0.021578  0.026900  \n",
       "workingday  -0.011830 -0.300942    0.134326  0.030284  \n",
       "weathersit   0.026226 -0.152628   -0.120966 -0.142426  \n",
       "temp        -0.023125  0.459616    0.335361  0.404772  \n",
       "atemp       -0.062336  0.454080    0.332559  0.400929  \n",
       "hum         -0.290105 -0.347028   -0.273933 -0.322911  \n",
       "windspeed    1.000000  0.090287    0.082321  0.093234  \n",
       "casual       0.090287  1.000000    0.506618  0.694564  \n",
       "registered   0.082321  0.506618    1.000000  0.972151  \n",
       "cnt          0.093234  0.694564    0.972151  1.000000  "
      ]
     },
     "execution_count": 95,
     "metadata": {},
     "output_type": "execute_result"
    }
   ],
   "source": [
    "bikeshare.corr()"
   ]
  },
  {
   "cell_type": "code",
   "execution_count": 98,
   "metadata": {},
   "outputs": [],
   "source": [
    "X = bikeshare['weathersit'].values.reshape(-1,1)\n",
    "y = bikeshare['cnt'].values.reshape(-1,1)"
   ]
  },
  {
   "cell_type": "code",
   "execution_count": 106,
   "metadata": {},
   "outputs": [],
   "source": [
    "X = bikeshare.drop('dteday', axis=1)"
   ]
  },
  {
   "cell_type": "code",
   "execution_count": 107,
   "metadata": {},
   "outputs": [],
   "source": [
    "X_train, X_test, y_train, y_test = train_test_split(X, y, test_size=0.2, random_state=0)"
   ]
  },
  {
   "cell_type": "code",
   "execution_count": 108,
   "metadata": {},
   "outputs": [
    {
     "data": {
      "text/plain": [
       "LinearRegression(copy_X=True, fit_intercept=True, n_jobs=None,\n",
       "         normalize=False)"
      ]
     },
     "execution_count": 108,
     "metadata": {},
     "output_type": "execute_result"
    }
   ],
   "source": [
    "regressor = LinearRegression()  \n",
    "regressor.fit(X_train, y_train)"
   ]
  },
  {
   "cell_type": "code",
   "execution_count": 109,
   "metadata": {},
   "outputs": [
    {
     "name": "stdout",
     "output_type": "stream",
     "text": [
      "[-2.84217094e-12]\n",
      "[[ 3.68087540e-16 -3.10117277e-14  2.60452365e-14 -4.70760770e-15\n",
      "  -6.40036529e-15 -2.96743065e-14  1.40217340e-15 -1.47054494e-13\n",
      "  -2.67090019e-14  3.74348225e-13 -1.64830687e-13 -1.71484156e-13\n",
      "  -1.05774918e-13  3.33333333e-01  3.33333333e-01  6.66666667e-01]]\n"
     ]
    }
   ],
   "source": [
    "print(regressor.intercept_)\n",
    "print(regressor.coef_)\n"
   ]
  },
  {
   "cell_type": "code",
   "execution_count": 110,
   "metadata": {},
   "outputs": [],
   "source": [
    "y_pred = regressor.predict(X_test)\n"
   ]
  },
  {
   "cell_type": "code",
   "execution_count": 111,
   "metadata": {},
   "outputs": [
    {
     "data": {
      "text/html": [
       "<div>\n",
       "<style scoped>\n",
       "    .dataframe tbody tr th:only-of-type {\n",
       "        vertical-align: middle;\n",
       "    }\n",
       "\n",
       "    .dataframe tbody tr th {\n",
       "        vertical-align: top;\n",
       "    }\n",
       "\n",
       "    .dataframe thead th {\n",
       "        text-align: right;\n",
       "    }\n",
       "</style>\n",
       "<table border=\"1\" class=\"dataframe\">\n",
       "  <thead>\n",
       "    <tr style=\"text-align: right;\">\n",
       "      <th></th>\n",
       "      <th>Actual</th>\n",
       "      <th>Predicted</th>\n",
       "    </tr>\n",
       "  </thead>\n",
       "  <tbody>\n",
       "    <tr>\n",
       "      <th>0</th>\n",
       "      <td>7</td>\n",
       "      <td>7.0</td>\n",
       "    </tr>\n",
       "    <tr>\n",
       "      <th>1</th>\n",
       "      <td>5</td>\n",
       "      <td>5.0</td>\n",
       "    </tr>\n",
       "    <tr>\n",
       "      <th>2</th>\n",
       "      <td>743</td>\n",
       "      <td>743.0</td>\n",
       "    </tr>\n",
       "    <tr>\n",
       "      <th>3</th>\n",
       "      <td>208</td>\n",
       "      <td>208.0</td>\n",
       "    </tr>\n",
       "    <tr>\n",
       "      <th>4</th>\n",
       "      <td>333</td>\n",
       "      <td>333.0</td>\n",
       "    </tr>\n",
       "    <tr>\n",
       "      <th>5</th>\n",
       "      <td>187</td>\n",
       "      <td>187.0</td>\n",
       "    </tr>\n",
       "    <tr>\n",
       "      <th>6</th>\n",
       "      <td>124</td>\n",
       "      <td>124.0</td>\n",
       "    </tr>\n",
       "    <tr>\n",
       "      <th>7</th>\n",
       "      <td>925</td>\n",
       "      <td>925.0</td>\n",
       "    </tr>\n",
       "    <tr>\n",
       "      <th>8</th>\n",
       "      <td>212</td>\n",
       "      <td>212.0</td>\n",
       "    </tr>\n",
       "    <tr>\n",
       "      <th>9</th>\n",
       "      <td>161</td>\n",
       "      <td>161.0</td>\n",
       "    </tr>\n",
       "    <tr>\n",
       "      <th>10</th>\n",
       "      <td>253</td>\n",
       "      <td>253.0</td>\n",
       "    </tr>\n",
       "    <tr>\n",
       "      <th>11</th>\n",
       "      <td>207</td>\n",
       "      <td>207.0</td>\n",
       "    </tr>\n",
       "    <tr>\n",
       "      <th>12</th>\n",
       "      <td>64</td>\n",
       "      <td>64.0</td>\n",
       "    </tr>\n",
       "    <tr>\n",
       "      <th>13</th>\n",
       "      <td>268</td>\n",
       "      <td>268.0</td>\n",
       "    </tr>\n",
       "    <tr>\n",
       "      <th>14</th>\n",
       "      <td>114</td>\n",
       "      <td>114.0</td>\n",
       "    </tr>\n",
       "    <tr>\n",
       "      <th>15</th>\n",
       "      <td>501</td>\n",
       "      <td>501.0</td>\n",
       "    </tr>\n",
       "    <tr>\n",
       "      <th>16</th>\n",
       "      <td>480</td>\n",
       "      <td>480.0</td>\n",
       "    </tr>\n",
       "    <tr>\n",
       "      <th>17</th>\n",
       "      <td>591</td>\n",
       "      <td>591.0</td>\n",
       "    </tr>\n",
       "    <tr>\n",
       "      <th>18</th>\n",
       "      <td>275</td>\n",
       "      <td>275.0</td>\n",
       "    </tr>\n",
       "    <tr>\n",
       "      <th>19</th>\n",
       "      <td>284</td>\n",
       "      <td>284.0</td>\n",
       "    </tr>\n",
       "    <tr>\n",
       "      <th>20</th>\n",
       "      <td>5</td>\n",
       "      <td>5.0</td>\n",
       "    </tr>\n",
       "    <tr>\n",
       "      <th>21</th>\n",
       "      <td>307</td>\n",
       "      <td>307.0</td>\n",
       "    </tr>\n",
       "    <tr>\n",
       "      <th>22</th>\n",
       "      <td>4</td>\n",
       "      <td>4.0</td>\n",
       "    </tr>\n",
       "    <tr>\n",
       "      <th>23</th>\n",
       "      <td>6</td>\n",
       "      <td>6.0</td>\n",
       "    </tr>\n",
       "    <tr>\n",
       "      <th>24</th>\n",
       "      <td>431</td>\n",
       "      <td>431.0</td>\n",
       "    </tr>\n",
       "    <tr>\n",
       "      <th>25</th>\n",
       "      <td>33</td>\n",
       "      <td>33.0</td>\n",
       "    </tr>\n",
       "    <tr>\n",
       "      <th>26</th>\n",
       "      <td>505</td>\n",
       "      <td>505.0</td>\n",
       "    </tr>\n",
       "    <tr>\n",
       "      <th>27</th>\n",
       "      <td>267</td>\n",
       "      <td>267.0</td>\n",
       "    </tr>\n",
       "    <tr>\n",
       "      <th>28</th>\n",
       "      <td>243</td>\n",
       "      <td>243.0</td>\n",
       "    </tr>\n",
       "    <tr>\n",
       "      <th>29</th>\n",
       "      <td>154</td>\n",
       "      <td>154.0</td>\n",
       "    </tr>\n",
       "    <tr>\n",
       "      <th>...</th>\n",
       "      <td>...</td>\n",
       "      <td>...</td>\n",
       "    </tr>\n",
